0.38 0.509 0.009 0.509 0.010 0.510 0.010 0.510 0.011 
0.39 0.519 0.020 0.520 0.021 0.521 0.022 0.523 0.023 
0.40 0.530 0.030 0.531 0.032 0.533 0.034 0.535 0.0365 
0.41 0.540 0.041 0.542 0.043 0.545 0.046 0.548 0.048 
0.42 0.551 0.051 0.554 0.054 0.557 0.057 0.560 0.061 
0.43 0.561 0.062 0.565 0.065 0.569 0.069 0.573 0.073 
0.44 0.572 0.072 0.576 0.076 0.580 0.081 0.585 0.086 
0.45 0.582 0.083 0.587 0.088 0.592 0.093 0.598 0.098 
0.46 0.593 0.093 0.598 0.099 0.604 0.104 0.610 0.111 
0.47 0.603 0.104 0.609 0.110 0.616 0.116 0.623 0.123 
0.48 0.614 0.114 0.620 0.121 0.627 0.128 0.635 0.136 
0.49 0.624 0.125 0.631 0.132 0.639 0.140 0.648 0.148 
0.50 0.635 0.136 0.642 0.143 0.651 0.151 0.660 0.161 
0.51 0.645 0.14 0.654 0.154 0.663 0.163 0.673 0.173 
0.52 0.656 0.157 0.665 0.165 0.674 0.175 0.685 0.186 
0.53 0.666 0.167 0.676 0.176 0.686 0.187 0.698 0.198 
0.54 0.677 0.178 0.687 0.188 0.698 0.199 0.710 0.211 
0.55 0.688 0.188 0.698 0.199 0.710 0.210 0.723 0.223 
0.56 0.698 0.199 0.709 0.210 0.721 0.222 0.735 0.236 
0.57 0.709 0.209 0.720 0.221 0.733 0.234 0.748 0.248 
0.58 0.719 0.220 0.731 0.232 0.745 0.246 0.760 0.261 
0.59 0.730 0.230 0.742 0.243 0.757 0.257 0.773 0.273 
0.60 0.740 0.241 0.754 0.254 0.769 0.269 0.785 0.286 